2 1 3 7 9 8 4 6 5 
7 9 8 4 6 5 2 1 3 
4 6 5 2 1 3 7 9 8 
1 3 2 9 8 7 6 5 4 
9 8 7 6 5 4 1 3 2 
6 5 4 1 3 2 9 8 7 
3 2 1 8 7 9 5 4 6 
8 7 9 5 4 6 3 2 1 
5 4 6 3 2 1 8 7 9 

2 7 8 9 1 3 6 4 5 
9 1 3 6 4 5 2 7 8 
6 4 5 2 7 8 9 1 3 
7 8 2 1 3 9 4 5 6 
1 3 9 4 5 6 7 8 2 
4 5 6 7 8 2 1 3 9 
8 2 7 3 9 1 5 6 4 
3 9 1 5 6 4 8 2 7 
5 6 4 8 2 7 3 9 1 

2 6 5 4 9 1 7 3 8 
7 3 8 2 6 5 4 9 1 
4 9 1 7 3 8 2 6 5 
9 1 4 3 8 7 6 5 2 
3 8 7 6 5 2 9 1 4 
6 5 2 9 1 4 3 8 7 
5 2 6 1 4 9 8 7 3 
8 7 3 5 2 6 1 4 9 
1 4 9 8 7 3 5 2 6 

2 7 8 9 3 4 6 1 5 
9 3 4 6 1 5 2 7 8 
6 1 5 2 7 8 9 3 4 
7 8 2 3 4 9 1 5 6 
3 4 9 1 5 6 7 8 2 
1 5 6 7 8 2 3 4 9 
8 2 7 4 9 3 5 6 1 
4 9 3 5 6 1 8 2 7 
5 6 1 8 2 7 4 9 3 

